51
                                                                                                    18                                                                                                    
                                                                                                  30  88                                                                                                  
                                                                                                44  94  41                                                                                                
                                                                                              61  87  93  91                                                                                              
                                                                                            61  82  79  89  33                                                                                            
                                                                                          53  76  80  36  92  10                                                                                          
                                                                                        70  71  72  17  00  70  69                                                                                        
                                                                                      00  28  95  16  91  39  38  43                                                                                      
                                                                                    47  96  38  56  16  75  24  57  08                                                                                    
                                                                                  02  30  36  81  06  77  93  37  60  00                                                                                  
                                                                                51  56  63  75  35  56  94  71  03  43  72                                                                                
                                                                              88  84  64  14  75  69  38  66  49  83  75  00                                                                              
                                                                            84  52  73  66  32  36  72  63  38  79  90  18  43                                                                            
                                                                          84  53  52  88  52  89  74  90  50  50  82  35  98  80                                                                          
                                                                        07  37  73  41  19  70  89  64  44  13  09  40  34  56  10                                                                        
                                                                      46  47  77  81  23  97  86  24  18  68  05  65  00  33  32  88                                                                      
                                                                    01  51  60  28  53  18  32  18  79  26  02  99  99  76  45  79  41                                                                    
                                                                  77  01  71  67  36  38  17  95  54  02  87  15  16  25  40  52  31  54                                                                  
                                                                75  10  92  93  61  70  68  93  81  39  55  00  80  32  10  49  25  80  39                                                                
                                                              35  88  90  92  95  02  32  85  81  50  28  86  15  68  81  99  99  87  16  50                                                              
                                                            16  18  19  71  16  66  43  74  62  63  31  47  51  24  40  41  55  85  70  42  84                                                            
                                                          61  42  46  23  09  92  60  13  20  62  70  24  09  41  76  74  48  43  32  75  10  95                                                          
                                                        23  87  43  74  55  76  80  24  11  64  15  78  68  00  20  16  07  27  17  73  82  99  07                                                        
                                                      42  02  40  45  36  69  15  37  24  40  61  74  34  33  69  68  78  47  99  60  25  35  01  51                                                      
                                                    90  04  40  12  55  99  60  84  08  12  05  82  74  70  71  31  82  45  81  37  72  23  06  32  69                                                    
                                                  52  03  13  28  69  20  43  17  14  63  68  44  57  34  20  05  48  61  15  00  20  43  46  89  12  58                                                  
                                                53  37  86  73  08  66  97  65  70  65  46  05  30  99  93  29  42  01  58  25  76  94  38  47  92  20  50                                                
                                              49  27  38  68  36  56  16  75  08  81  87  66  24  52  97  11  34  80  87  54  89  23  87  78  04  13  24  26                                              
                                            26  58  24  86  44  26  86  62  33  28  42  74  67  15  58  89  21  72  26  13  16  84  41  93  78  08  13  29  90                                            
                                          15  22  16  53  37  84  06  28  78  42  05  77  86  79  79  98  32  45  18  42  90  72  53  83  62  64  56  96  85  44                                          
                                        95  54  80  08  26  78  32  29  74  25  83  35  34  26  28  76  40  24  53  45  29  10  47  13  40  83  28  65  10  13  84                                        
                                      54  81  42  98  44  07  28  12  05  38  22  94  35  47  25  11  78  37  13  28  45  64  35  57  39  95  99  13  44  88  81  58                                      
                                    28  94  44  07  35  46  64  07  96  33  66  18  60  27  44  92  07  24  61  29  81  23  44  70  30  82  82  25  61  84  13  28  62                                    
                                  68  25  18  33  54  38  31  22  33  57  37  56  84  28  84  83  71  89  78  99  84  78  28  77  28  99  29  89  36  77  65  50  59  02                                  
                                33  55  46  89  07  49  65  60  59  18  29  50  02  33  96  22  75  48  23  46  19  86  27  01  84  45  82  94  74  42  34  93  41  11  17                                
                              71  54  73  09  83  11  54  17  35  59  08  92  36  94  10  59  00  73  03  56  38  61  01  95  17  86  51  79  22  10  35  77  72  14  68  69                              
                            99  62  17  21  74  24  29  39  38  17  24  37  08  47  95  83  08  65  54  75  09  28  32  57  82  08  79  75  68  13  25  22  69  43  27  48  06                            
                          72  24  48  26  86  49  61  01  96  33  25  70  13  82  51  81  71  15  31  33  15  65  77  32  21  87  47  32  51  30  99  17  82  14  95  88  20  26                          
                        81  24  05  04  21  60  79  01  82  31  49  75  58  36  29  44  47  33  88  03  97  47  51  70  57  00  60  29  47  91  23  12  62  50  57  29  20  26  49                        
                      93  12  15  94  74  54  81  98  05  61  03  57  58  40  76  85  44  85  00  25  32  41  40  81  03  96  03  95  84  73  18  61  50  03  23  80  30  88  84  24                      
                    93  04  61  41  52  76  28  44  53  54  05  86  49  30  41  63  23  48  81  43  68  80  62  74  53  25  97  34  43  06  83  63  64  49  46  54  81  81  68  02  28                    
                  40  91  34  90  35  17  52  14  42  87  99  88  67  81  76  38  40  85  44  09  04  20  20  66  92  47  44  85  20  46  57  37  13  35  36  99  28  75  67  55  12  14                  
                25  49  13  33  93  32  15  99  71  23  24  55  73  85  59  43  58  45  93  39  35  98  45  30  85  80  08  17  08  28  57  80  90  63  13  03  72  07  46  02  97  70  04                
              37  66  40  05  45  79  84  80  94  44  27  74  24  80  87  07  05  79  64  80  32  75  95  76  38  82  56  15  01  40  29  67  59  83  78  45  54  19  92  57  62  60  87  13              
            31  95  07  83  69  99  64  85  42  61  41  58  67  40  26  87  84  05  98  58  68  30  25  02  31  55  09  91  51  83  37  00  02  11  42  55  78  56  85  50  62  60  03  78  58            
          08  92  48  72  90  48  80  69  81  43  30  58  61  09  97  43  65  26  55  47  85  65  58  36  40  45  42  59  31  53  78  21  51  22  79  32  76  47  49  27  74  49  29  93  02  34          
        00  99  24  04  61  84  62  77  77  53  87  62  33  85  28  24  59  27  64  49  88  15  60  20  11  52  70  62  47  69  55  27  93  97  00  03  36  49  60  63  18  30  29  75  29  29  85        
      33  63  63  04  91  12  91  56  63  12  77  11  50  53  50  70  58  21  22  42  26  92  80  96  95  39  85  76  15  86  76  98  30  71  94  43  98  00  89  25  09  39  78  29  05  97  47  55      
    70  87  28  75  19  99  56  81  22  67  39  14  87  03  46  91  34  37  14  21  28  87  82  44  78  51  17  28  83  95  83  15  08  60  30  07  04  45  13  55  26  56  08  05  14  87  56  38  62    
  70  63  17  77  06  27  64  84  32  85  42  80  98  13  24  15  88  64  88  58  83  73  23  74  91  31  01  85  25  42  54  56  46  98  83  54  69  61  44  85  07  41  00  56  91  23  32  24  71  85  
49  55  58  40  47  07  79  18  94  54  12  86  02  04  71  33  62  01  18  51  64  22  04  63  04  43  54  42  19  43  79  32  37  14  90  61  84  76  05  66  56  32  70  81  88  02  31  36  19  83  21